cam_pos_x=239.940338
cam_pitch=-0.549997
cam_pos_y=310.858612
cam_yaw=-1.411001
cam_pos_z=72.116280
light_dir_x=0.400000
light_dir_y=-1.000000
light_dir_z=0.600000
light_color_r=1.000000
light_color_g=0.950000
light_color_b=0.850000
light_intensity=8.000000
shadow_enabled=1
shadow_bias=0.003000
fill_dir_x=-0.300000
fill_dir_y=-0.400000
fill_dir_z=-0.500000
fill_color_r=0.600000
fill_color_g=0.700000
fill_color_b=0.900000
fill_intensity=2.000000
